-41.7782 76.7734 42.9934
-63.1417 31.4053 -13.0841
-54.3894 -78.507 90.9741
-72.4922 -23.1945 95.5536
-60.8803 -97.6019 88.1104
-83.2685 22.8284 -4.8283
58.3127 -70.0086 97.5849
-34.4098 16.2686 -88.5253
-58.1216 -16.2108 -1.7186
-61.598 -33.2016 -97.017
56.6817 -52.9507 92.8658
65.8445 -96.7661 67.7858
25.443 54.8902 45.0769
52.3717 36.06 30.7956
-25.8392 62.9435 85.6209
71.2201 11.896 68.7886
52.7119 47.8115 -71.0488
46.2747 -75.9794 90.1928
10.775 30.6362 71.7345
91.595 31.9469 -68.8406
-4.7051 93.0807 97.6204
34.0298 0.5898 83.6388
30.7639 -60.227 -6.07
-46.9583 42.8385 -9.5231
-29.5604 -98.2505 -19.0267
74.5039 33.7503 -93.9815
-88.866 88.7555 -48.7425
-46.9291 -47.8093 84.9666
-90.7358 9.2808 -35.0909
-63.8714 2.6213 52.3112
82.063 65.6222 -13.8252
-4.7354 9.311 16.486
-79.2459 -62.0114 -0.1374
28.1897 23.7508 -95.5384
-98.2476 -64.5612 -46.8992
-82.6473 37.4239 -89.3824
20.2363 26.9533 -78.7909
-29.5031 24.5812 -78.0546
74.7938 39.8052 53.761
-1.391 72.3983 69.5679
13.4202 -32.9151 -78.4082
68.1734 -4.1065 -41.2008
-60.0385 82.2293 -72.8323
-41.9242 -15.3468 88.1429
79.7381 -54.9625 50.8501
70.7327 -53.3837 -69.1906
-6.0169 -0.54 -40.5694
25.0146 -68.2946 -78.6893
-61.3145 -84.5338 84.9528
90.5885 -13.7965 -70.0542
30.5692 -67.1274 64.6127
16.8197 34.6362 -88.7988
49.3218 1.0554 74.3128
48.2474 73.7818 -4.0385
-66.855 -68.884 -88.4833
-4.2489 -29.0741 95.926
19.3443 -63.0738 15.9861
-77.3757 -54.9927 89.6158
-56.483 -59.733 72.5643
-31.914 6.0152 33.3459
74.6973 96.178 -96.506
24.7195 -98.2917 97.6942
98.664 92.2895 50.54
-14.2438 -67.1851 -86.9534
51.2761 -88.5193 -66.1002
-22.1228 56.9459 -44.9517
97.0244 -3.4063 -94.7205
-87.1966 -21.9891 -29.9906
-41.5141 -14.8203 -63.7154
-28.8619 7.0919 -62.4521
67.9309 -88.9925 -3.4413
86.3725 -31.5568 42.7415
87.6729 97.658 -36.5021
-91.9389 -60.8895 -49.657
-63.6693 1.6935 13.0401
58.1631 -16.6289 83.5777
-20.4811 3.2751 19.9477
-53.0328 15.9213 -26.021
-19.5251 14.4573 92.78
-87.508 -0.5284 -72.7004
99.0531 -69.6031 18.3268
95.9399 57.4362 47.3173
37.1035 -5.8519 -23.2683
12.3974 53.6542 19.9218
85.7969 99.1495 -32.8662
57.6641 -72.2945 -74.5988
-15.6385 -99.501 -4.6797
-45.9648 -41.957 51.2732
41.0674 -79.0714 -79.9504
-91.9878 -42.5187 -43.903
-36.2835 -50.2046 24.4808
-52.7346 -16.351 65.4983
2.6428 -51.413 24.9891
49.6864 20.1501 19.5996
31.6105 -11.9518 18.5839
87.0237 38.8838 33.3427
88.0379 -17.5095 78.1587
-12.0301 -62.0969 46.3045
76.1246 29.3184 21.5291
67.1274 52.2185 -43.8547